10.00
2.50
0.00
0.93
4.50
1.33
1.08
0.63
1.50
0.50
1.14
1.56
1.66
5.42
6.00
0.82
2.50
14.00
21.00
28.00
1.00
3.00
1.86
2.40
1.28
1.46
1.50
2.02
1.64
1.05
0.15
1.13
1.46
3.14
6.00
3.00
0.47
0.64
2.28
2.60
3.57
5.53
3.47
5.11
3.00
2.05
2.18
3.50
0.63
0.70
3.27
2.06
2.17
2.50
6.50
8.00
6.71
3.25
3.45
5.00
8.00
12.00
8.00
12.00
8.00
12.00
16.00
7.20
7.99
11.11
18.00
7.21
0.60
3.50
2.17
1.00
1.00
2.13
2.06
2.67
2.50
2.07
1.50
1.20
1.23
1.46
1.46
1.56
2.00
2.03
0.60
1.52
1.60
1.38
1.00
2.08
4.50
35.00
4.99
6.50
7.00
7.60
8.30
5.50
6.00
5.42
7.00
3.25
10.00
1.06
10.00
15.00
2.50
3.29
12.62
18.97
1.60
1.60
4.00
4.00
3.00
3.70
4.70
2.07
1.86
2.46
4.92
3.05
0.30
7.00
12.87
19.51
9.45
12.76
2.06
2.50
3.00
3.24
1.50
1.23
8.55
2.50
3.00
2.07
2.11
3.50
1.10
2.56