70
3
1
22053
62
1862
22732
3092
1872
389
3080
4824
531
1702
19
86
45
11
8
2
1944
1
4356
100
7427
1936
82
271
3535
3779
23505
29654
2345
9
3
61
1145
163
86
319
503
536
233
832
1
3654
22
38
3405
20
1263
1077
791
318
2
11
5181
593
107
129
213
128
24
15
99
62
2
171
1009
109
2
1486
344
3
2383
447
65
1052
3362
591
35
447
131
2461
25236
2729
3021
1905
40
3
1
140
21
265
6
1274
2
2
9
0
110
320
146
3
1
8
17
751
4
2181
8
1
119
287
78
66
128
121
1
509
5
1792
2888
467
1422
5456
457
110
1061
65
165
120
380
283
5020
60
2
805
7
117463
1456
81
1
508
33
2
218
3619